2.651945102644143617e+02
2.042406490503519478e+02
2.461971298794909444e+02
1.798907667682370288e+02
1.728877163148826241e+02
2.191271815643075911e+02
3.181951609125101186e+02
2.172530853715289823e+02
2.020024112927600868e+02
2.320686697998324064e+02
2.141134525829956203e+02
2.653991417906100310e+02
3.046887260309408703e+02
1.895232254377583558e+02
1.914911671428774298e+02
3.313476197035224118e+02
2.327503399066703764e+02
2.071365455307660284e+02
3.084134415813570058e+02
1.236282170581572188e+02
2.214456844495600194e+02
2.880819690798153943e+02
2.195691338649368163e+02
2.917388911515251948e+02
2.436644613426442447e+02
2.567073990331123241e+02
2.909691342200302415e+02
2.403772056379566777e+02
2.573826407190371128e+02
2.571460514839720872e+02
3.155305155355924853e+02
2.640922782892501459e+02
2.257396508851111321e+02
2.868954788239004756e+02
2.805293754375787216e+02
2.397231887848220993e+02
2.847756892839778402e+02
2.810773843208601193e+02
2.476393216952634191e+02
1.931964587280012893e+02
1.996015910431153202e+02
2.793515222581143007e+02
2.658742598652520996e+02
2.511156310515845007e+02
2.153112560841135235e+02
2.506692758509264536e+02
2.453207218991992420e+02
1.441598434441621635e+02
1.243477441416552125e+02
2.032863663177083424e+02
1.159328142530038406e+02
1.691184030528072242e+02
2.161792966905690321e+02
2.377675705763213614e+02
1.953223931440891477e+02
1.565209785192344611e+02
1.264399405899075788e+02
3.093772738186374909e+02
1.757328698920709940e+02
1.516092450779210026e+02
2.197940715893174115e+02
1.661838331211361037e+02
2.237563244236217770e+02
1.016908436227941479e+02
2.297943124860101420e+02
1.630428582855238631e+02
2.141452165581179088e+02
1.869843726874875074e+02
1.141113876107258847e+02
2.648923766657896977e+02
1.677253565781196301e+02
1.006679017981954587e+02
1.620199472680389476e+02
1.396843611782039147e+02
1.883218064194493877e+02
1.993098158455449607e+02
1.312248078752806180e+02
1.305257546406417930e+02
1.243027313375643814e+02
1.122611908489072334e+02
1.823575580440672468e+02
2.745370866189236949e+02
1.386531439010486793e+02
1.033973305731153118e+02
2.416437789155785651e+02
9.733750110551750367e+01
1.962897749225226676e+02
9.480814706808499182e+01
1.497927139525254177e+02
9.845000524034152534e+01
1.795408474803436150e+02
1.386845047319295645e+02
1.907409897384360704e+02
2.151077575690538595e+02
1.451593100440864532e+02
1.723954410818543579e+02
2.661609020855432277e+02
1.789611597000006782e+02
1.849693900785205187e+02
1.390450925882213369e+02
1.482420953453924142e+02
2.999367271803156427e+02
1.434528078202056349e+02
2.022783269088407394e+02
1.428473121254426985e+02
2.365277925713664899e+02
1.940747274983574187e+02
2.130563899621787414e+02
1.592761759090655858e+02
2.165803244252516890e+02
2.610085458754205092e+02
3.188459639680539226e+02
1.893130205267327995e+02
1.795691951278156182e+02
2.603225554732102864e+02
2.227854715838459754e+02
1.768298417675727308e+02
2.331108835765730589e+02
3.041546228247491399e+02
2.719631542708285679e+02
2.002999869203663366e+02
2.531191144303581098e+02
1.243525929432763917e+02
2.063816466279878910e+02
1.766625304971146875e+02
2.597241315260295096e+02
2.293883820255231853e+02
2.318128893724842499e+02
2.325191881072365732e+02
2.971689137075981648e+02
3.180604153170613699e+02
2.671857103864149963e+02
2.784947895467720400e+02
2.533982221076314545e+02
1.592709366068732493e+02
2.027840916212318803e+02
2.742604766758541928e+02
2.333504604409320109e+02
2.687746205426018378e+02
2.282369942462273116e+02
2.821947167699590864e+02
1.487215685921740373e+02
2.431000704261832368e+02
1.696582017098869528e+02
3.196398808447879674e+02
2.375581661980522199e+02
2.501118717580326631e+02
2.177031316257662752e+02
2.153646859119447186e+02
2.197062485031907499e+02
2.003657259161906552e+02
1.990685105158518979e+02
2.626702682529958111e+02
2.057564818917105356e+02
8.750224363162887187e+01
1.154696301414121251e+02
1.169131807584970346e+02
1.425068706308568949e+02
1.726058615476984244e+02
1.114959705851760248e+02
2.216983500648313736e+02
1.856319267451143560e+02
1.656550999507985011e+02
1.962331468046636189e+02
1.855612572632009005e+02
2.393923712820704282e+02
1.821510148053239675e+02
1.843502525431177048e+02
2.004725218249206478e+02
2.101862535835808501e+02
1.059870587692871169e+02
1.313315453183373620e+02
1.237843318838524453e+02
1.868908845840845174e+02
1.417889409700088095e+02
7.375161650574654004e+01
1.227579319781433469e+02
1.525176729258270996e+02
1.777521830531646572e+02
1.371621380312813869e+02
1.219456167863653491e+02
1.615022032828810268e+02
2.072456866237329223e+02
1.504255343362470967e+02
1.520879159404523193e+02
2.482349378739500878e+02
1.393939925007090608e+02
1.981995013250542002e+02
3.393289907887390200e+02
1.442121265107977592e+02
1.346875963707705637e+02
4.740643087235775965e+01
2.507679851845837788e+02
1.787408473578626626e+02
1.329789551137589285e+02
4.469295373271856420e+01
2.106442711425559366e+02
2.609859201850202908e+02
2.480321565647261650e+02
2.388030102112680879e+02
